$parameters
       5        2

$BF_degfs
       2

$BF_symmetry
   1   1   3   4

$grid_1
10
  -5.0  -3.88888888889  -2.77777777778  -1.66666666667  -0.555555555556  0.555555555556  1.66666666667  2.77777777778  3.88888888889  5.0

$weight_1
10
  1.11111111111  1.11111111111  1.11111111111  1.11111111111  1.11111111111  1.11111111111  1.11111111111  1.11111111111  1.11111111111  1.11111111111

$grid_2
10
  -5.0  -3.88888888889  -2.77777777778  -1.66666666667  -0.555555555556  0.555555555556  1.66666666667  2.77777777778  3.88888888889  5.0

$weight_2
10
  1.11111111111  1.11111111111  1.11111111111  1.11111111111  1.11111111111  1.11111111111  1.11111111111  1.11111111111  1.11111111111  1.11111111111

$operator
tstatic_cmat    10      1      1      1   
 ( -2.25961120004,  0.00000000000) (  1.43962879039,  0.00000000000) ( -0.30317445858,  0.00000000000) (  0.11439574901,  0.00000000000) ( -0.05518103064,  0.00000000000) (  0.03035369663,  0.00000000000) ( -0.01791368300,  0.00000000000) (  0.01079560403,  0.00000000000) ( -0.00620683350,  0.00000000000) (  0.00284813043,  0.00000000000)
 (  1.43962879039,  0.00000000000) ( -2.56278565862,  0.00000000000) (  1.55402453940,  0.00000000000) ( -0.35835548922,  0.00000000000) (  0.14474944564,  0.00000000000) ( -0.07309471364,  0.00000000000) (  0.04114930066,  0.00000000000) ( -0.02412051650,  0.00000000000) (  0.01364373446,  0.00000000000) ( -0.00620683350,  0.00000000000)
 ( -0.30317445858,  0.00000000000) (  1.55402453940,  0.00000000000) ( -2.61796668926,  0.00000000000) (  1.58437823603,  0.00000000000) ( -0.37626917222,  0.00000000000) (  0.15554504966,  0.00000000000) ( -0.07930154714,  0.00000000000) (  0.04399743109,  0.00000000000) ( -0.02412051650,  0.00000000000) (  0.01079560403,  0.00000000000)
 (  0.11439574901,  0.00000000000) ( -0.35835548922,  0.00000000000) (  1.58437823603,  0.00000000000) ( -2.63588037226,  0.00000000000) (  1.59517384005,  0.00000000000) ( -0.38247600572,  0.00000000000) (  0.15839318010,  0.00000000000) ( -0.07930154714,  0.00000000000) (  0.04114930066,  0.00000000000) ( -0.01791368300,  0.00000000000)
 ( -0.05518103064,  0.00000000000) (  0.14474944564,  0.00000000000) ( -0.37626917222,  0.00000000000) (  1.59517384005,  0.00000000000) ( -2.64208720576,  0.00000000000) (  1.59802197049,  0.00000000000) ( -0.38247600572,  0.00000000000) (  0.15554504966,  0.00000000000) ( -0.07309471364,  0.00000000000) (  0.03035369663,  0.00000000000)
 (  0.03035369663,  0.00000000000) ( -0.07309471364,  0.00000000000) (  0.15554504966,  0.00000000000) ( -0.38247600572,  0.00000000000) (  1.59802197049,  0.00000000000) ( -2.64208720576,  0.00000000000) (  1.59517384005,  0.00000000000) ( -0.37626917222,  0.00000000000) (  0.14474944564,  0.00000000000) ( -0.05518103064,  0.00000000000)
 ( -0.01791368300,  0.00000000000) (  0.04114930066,  0.00000000000) ( -0.07930154714,  0.00000000000) (  0.15839318010,  0.00000000000) ( -0.38247600572,  0.00000000000) (  1.59517384005,  0.00000000000) ( -2.63588037226,  0.00000000000) (  1.58437823603,  0.00000000000) ( -0.35835548922,  0.00000000000) (  0.11439574901,  0.00000000000)
 (  0.01079560403,  0.00000000000) ( -0.02412051650,  0.00000000000) (  0.04399743109,  0.00000000000) ( -0.07930154714,  0.00000000000) (  0.15554504966,  0.00000000000) ( -0.37626917222,  0.00000000000) (  1.58437823603,  0.00000000000) ( -2.61796668926,  0.00000000000) (  1.55402453940,  0.00000000000) ( -0.30317445858,  0.00000000000)
 ( -0.00620683350,  0.00000000000) (  0.01364373446,  0.00000000000) ( -0.02412051650,  0.00000000000) (  0.04114930066,  0.00000000000) ( -0.07309471364,  0.00000000000) (  0.14474944564,  0.00000000000) ( -0.35835548922,  0.00000000000) (  1.55402453940,  0.00000000000) ( -2.56278565862,  0.00000000000) (  1.43962879039,  0.00000000000)
 (  0.00284813043,  0.00000000000) ( -0.00620683350,  0.00000000000) (  0.01079560403,  0.00000000000) ( -0.01791368300,  0.00000000000) (  0.03035369663,  0.00000000000) ( -0.05518103064,  0.00000000000) (  0.11439574901,  0.00000000000) ( -0.30317445858,  0.00000000000) (  1.43962879039,  0.00000000000) ( -2.25961120004,  0.00000000000)

unit    10      1      1      2

unit    10      1      2      1

unit    10      1      2      2

tstatic_rcoef      1    1.00000000000

unit    10      2      1      1

unit    10      2      1      2

tstatic_cmat    10      2      2      1   
 ( -2.25961120004,  0.00000000000) (  1.43962879039,  0.00000000000) ( -0.30317445858,  0.00000000000) (  0.11439574901,  0.00000000000) ( -0.05518103064,  0.00000000000) (  0.03035369663,  0.00000000000) ( -0.01791368300,  0.00000000000) (  0.01079560403,  0.00000000000) ( -0.00620683350,  0.00000000000) (  0.00284813043,  0.00000000000)
 (  1.43962879039,  0.00000000000) ( -2.56278565862,  0.00000000000) (  1.55402453940,  0.00000000000) ( -0.35835548922,  0.00000000000) (  0.14474944564,  0.00000000000) ( -0.07309471364,  0.00000000000) (  0.04114930066,  0.00000000000) ( -0.02412051650,  0.00000000000) (  0.01364373446,  0.00000000000) ( -0.00620683350,  0.00000000000)
 ( -0.30317445858,  0.00000000000) (  1.55402453940,  0.00000000000) ( -2.61796668926,  0.00000000000) (  1.58437823603,  0.00000000000) ( -0.37626917222,  0.00000000000) (  0.15554504966,  0.00000000000) ( -0.07930154714,  0.00000000000) (  0.04399743109,  0.00000000000) ( -0.02412051650,  0.00000000000) (  0.01079560403,  0.00000000000)
 (  0.11439574901,  0.00000000000) ( -0.35835548922,  0.00000000000) (  1.58437823603,  0.00000000000) ( -2.63588037226,  0.00000000000) (  1.59517384005,  0.00000000000) ( -0.38247600572,  0.00000000000) (  0.15839318010,  0.00000000000) ( -0.07930154714,  0.00000000000) (  0.04114930066,  0.00000000000) ( -0.01791368300,  0.00000000000)
 ( -0.05518103064,  0.00000000000) (  0.14474944564,  0.00000000000) ( -0.37626917222,  0.00000000000) (  1.59517384005,  0.00000000000) ( -2.64208720576,  0.00000000000) (  1.59802197049,  0.00000000000) ( -0.38247600572,  0.00000000000) (  0.15554504966,  0.00000000000) ( -0.07309471364,  0.00000000000) (  0.03035369663,  0.00000000000)
 (  0.03035369663,  0.00000000000) ( -0.07309471364,  0.00000000000) (  0.15554504966,  0.00000000000) ( -0.38247600572,  0.00000000000) (  1.59802197049,  0.00000000000) ( -2.64208720576,  0.00000000000) (  1.59517384005,  0.00000000000) ( -0.37626917222,  0.00000000000) (  0.14474944564,  0.00000000000) ( -0.05518103064,  0.00000000000)
 ( -0.01791368300,  0.00000000000) (  0.04114930066,  0.00000000000) ( -0.07930154714,  0.00000000000) (  0.15839318010,  0.00000000000) ( -0.38247600572,  0.00000000000) (  1.59517384005,  0.00000000000) ( -2.63588037226,  0.00000000000) (  1.58437823603,  0.00000000000) ( -0.35835548922,  0.00000000000) (  0.11439574901,  0.00000000000)
 (  0.01079560403,  0.00000000000) ( -0.02412051650,  0.00000000000) (  0.04399743109,  0.00000000000) ( -0.07930154714,  0.00000000000) (  0.15554504966,  0.00000000000) ( -0.37626917222,  0.00000000000) (  1.58437823603,  0.00000000000) ( -2.61796668926,  0.00000000000) (  1.55402453940,  0.00000000000) ( -0.30317445858,  0.00000000000)
 ( -0.00620683350,  0.00000000000) (  0.01364373446,  0.00000000000) ( -0.02412051650,  0.00000000000) (  0.04114930066,  0.00000000000) ( -0.07309471364,  0.00000000000) (  0.14474944564,  0.00000000000) ( -0.35835548922,  0.00000000000) (  1.55402453940,  0.00000000000) ( -2.56278565862,  0.00000000000) (  1.43962879039,  0.00000000000)
 (  0.00284813043,  0.00000000000) ( -0.00620683350,  0.00000000000) (  0.01079560403,  0.00000000000) ( -0.01791368300,  0.00000000000) (  0.03035369663,  0.00000000000) ( -0.05518103064,  0.00000000000) (  0.11439574901,  0.00000000000) ( -0.30317445858,  0.00000000000) (  1.43962879039,  0.00000000000) ( -2.25961120004,  0.00000000000)

unit    10      2      2      2

tstatic_rcoef      2    1.00000000000

tstatic_cvec    10      3      1       1   

 ( 25.00000000000,  0.00000000000) ( 15.12345679012,  0.00000000000) (  7.71604938272,  0.00000000000) (  2.77777777778,  0.00000000000) (  0.30864197531,  0.00000000000) (  0.30864197531,  0.00000000000) (  2.77777777778,  0.00000000000) (  7.71604938272,  0.00000000000) ( 15.12345679012,  0.00000000000) ( 25.00000000000,  0.00000000000)

unit    10      3      1      2

unit    10      3      2      1

unit    10      3      2      2

tstatic_rcoef      3    1.00000000000

unit    10      4      1      1

unit    10      4      1      2

tstatic_cvec    10      4      2       1   

 ( 25.00000000000,  0.00000000000) ( 15.12345679012,  0.00000000000) (  7.71604938272,  0.00000000000) (  2.77777777778,  0.00000000000) (  0.30864197531,  0.00000000000) (  0.30864197531,  0.00000000000) (  2.77777777778,  0.00000000000) (  7.71604938272,  0.00000000000) ( 15.12345679012,  0.00000000000) ( 25.00000000000,  0.00000000000)

unit    10      4      2      2

tstatic_rcoef      4    1.00000000000

tstatic_cvec    10      5      1       1   

 ( -5.00000000000,  0.00000000000) ( -3.88888888889,  0.00000000000) ( -2.77777777778,  0.00000000000) ( -1.66666666667,  0.00000000000) ( -0.55555555556,  0.00000000000) (  0.55555555556,  0.00000000000) (  1.66666666667,  0.00000000000) (  2.77777777778,  0.00000000000) (  3.88888888889,  0.00000000000) (  5.00000000000,  0.00000000000)

unit    10      5      1      2

tstatic_cvec    10      5      2       1   

 ( -5.00000000000,  0.00000000000) ( -3.88888888889,  0.00000000000) ( -2.77777777778,  0.00000000000) ( -1.66666666667,  0.00000000000) ( -0.55555555556,  0.00000000000) (  0.55555555556,  0.00000000000) (  1.66666666667,  0.00000000000) (  2.77777777778,  0.00000000000) (  3.88888888889,  0.00000000000) (  5.00000000000,  0.00000000000)

unit    10      5      2      2

tstatic_rcoef      5    1.00000000000

